v3.0 hex words addressed
00000: 8d e0 00 08 53 e8 ff fc 0c 10 00 00 8c 10 c0 01
00010: 8d 10 c0 00 0c 20 00 00 8c 20 e0 01 8d 20 80 18
00020: 53 21 00 00 0c 10 00 00 8c 10 00 01 8d 10 01 00
00030: 0c 20 00 00 8c 20 e0 01 8d 20 80 10 53 21 00 00
00040: 0c 10 00 03 0c 20 00 00 8c 20 e0 01 8d 20 80 04
00050: 53 21 00 00 0c 20 00 00 8c 20 c0 00 8d 20 00 00
00060: 0c 30 00 00 8c 30 e0 10 8d 30 00 10 53 32 00 00
00070: 0c 50 00 00 8c 50 e0 10 8d 50 00 04 53 51 00 00
00080: 0c 30 00 00 8c 30 e0 10 8d 30 00 24 52 34 00 00
00090: 0c 30 00 00 8c 30 e0 10 8d 30 00 00 02 43 60 00
000a0: 52 63 00 00 0c 70 00 ff 07 37 70 00 0c 80 00 05
000b0: 0c 30 00 01 03 78 00 00 8c f0 ff f0 8d f0 01 10
000c0: 0f 1f 00 00 52 67 00 00 0c 80 00 0d 09 78 70 00
000d0: 0c 80 00 70 07 78 70 00 06 73 70 00 06 77 70 00
000e0: 53 67 00 00 02 45 50 00 0c 60 00 00 8c 60 fe e0
000f0: 8d 60 00 2c 53 56 00 00 0c 50 00 00 8c 50 e0 10
00100: 8d 50 00 08 02 45 40 00 0c 50 00 7e 53 45 00 00
00110: 0c 50 00 48 0c 40 00 00 8c 40 c0 00 8d 40 00 04
00120: 53 45 00 00 0c 50 00 00 8c 50 c0 00 8d 50 00 0c
00130: 53 53 00 00 53 23 00 00 00 00 00 00 00 00 00 00
00140: 0c 60 00 6f 53 46 00 00 53 53 00 00 53 23 00 00
00150: 00 00 00 00 00 00 00 00 0c 70 00 6c 53 47 00 00
00160: 53 53 00 00 53 23 00 00 00 00 00 00 00 00 00 00
00170: 0c 70 00 61 53 47 00 00 53 53 00 00 53 23 00 00
00180: 00 00 00 00 00 00 00 00 0c 70 00 20 53 47 00 00
00190: 53 53 00 00 53 23 00 00 00 00 00 00 00 00 00 00
001a0: 0c 70 00 4d 53 47 00 00 53 53 00 00 53 23 00 00
001b0: 00 00 00 00 00 00 00 00 0c 70 00 75 53 47 00 00
001c0: 53 53 00 00 53 23 00 00 00 00 00 00 00 00 00 00
001d0: 0c 70 00 6e 53 47 00 00 53 53 00 00 53 23 00 00
001e0: 00 00 00 00 00 00 00 00 0c 70 00 64 53 47 00 00
001f0: 53 53 00 00 53 23 00 00 00 00 00 00 00 00 00 00
00200: 53 46 00 00 53 53 00 00 53 23 00 00 00 00 00 00
00210: 00 00 00 00 0c 60 00 21 53 46 00 00 53 51 00 00
00220: 53 23 00 00 01 00 00 00 0c 10 00 00 52 e8 ff fc
00230: 8d e0 ff f8 11 00 00 00 00 00 00 00 00 00 00 00
ffff0: 8c f0 ff f0 8d f0 00 00 0e 0f 00 00 00 00 00 00
